480469 592376
812755 656484
807580 730136
168557 177880
548170 524928
918589 113293
100079 509683
868985 471798
947680 253078
576604 382421
304835 293664
698806 934950
718439 100411
404282 225632
216331 851013
221440 213151
443388 34195
869634 250968
280682 554542
428847 345203
79470 347435
458495 695900
373470 843831
167697 321149
96908 744300
219922 918095
554315 435079
853044 272754
535489 773678
498385 268172
624690 236176
481322 68077
270370 350956
319044 67403
905497 264243
412605 501318
128029 387452
197218 17850
231282 881266
855351 328190
141918 591624
246284 696232
26702 615679
485337 562191
389356 500073
346714 14045
736249 828035
82122 522970
695342 917517
590373 117191
698111 519329
134860 826140
906780 848429
360341 138062
729695 215691
466251 387964
807314 228886
600547 834016
844564 85884
912558 233920
102308 259271
764316 838556
603657 846437
361526 815351
280306 951898
932541 978416
471226 583752
320907 894358
432181 681248
32419 678227
413290 15021
66190 220604
760258 183088
570971 604821
268971 999880
355092 887631
775502 119408
726186 379158
482196 87711
194508 278853
555960 643400
773621 543538
227152 94527
437895 659332
292126 470313
337558 221768
1685 920099
958723 761942
103186 529693
366762 888509
529572 238206
776139 305073
873965 18676
200582 872512
106387 911442
151365 178698
554841 441337
722235 298344
535863 160129
474027 344341
