480469 592376 470
812755 656484 468
807580 730136 468
168557 177880 347
548170 524928 452
918589 113293 525
100079 509683 449
868985 471798 525
947680 253078 525
576604 382421 470
304835 293664 371
698806 934950 525
718439 100411 470
404282 225632 443
216331 851013 525
221440 213151 386
443388 34195 449
869634 250968 525
280682 554542 470
428847 345203 449
79470 347435 443
458495 695900 470
373470 843831 525
167697 321149 443
96908 744300 470
219922 918095 525
554315 435079 470
853044 272754 525
535489 773678 468
498385 268172 449
624690 236176 470
481322 68077 449
270370 350956 441
319044 67403 443
905497 264243 525
412605 501318 444
128029 387452 443
197218 17850 383
231282 881266 525
855351 328190 525
141918 591624 470
246284 696232 470
26702 615679 470
485337 562191 470
389356 500073 449
346714 14045 443
736249 828035 468
82122 522970 470
695342 917517 525
590373 117191 470
698111 519329 452
134860 826140 470
906780 848429 432
360341 138062 443
729695 215691 470
466251 387964 449
807314 228886 470
600547 834016 468
844564 85884 525
912558 233920 525
102308 259271 443
764316 838556 525
603657 846437 525
361526 815351 470
280306 951898 525
932541 978416 458
471226 583752 470
320907 894358 525
432181 681248 470
32419 678227 470
413290 15021 449
66190 220604 386
760258 183088 470
570971 604821 434
268971 999880 525
355092 887631 525
775502 119408 470
